image_width: 2048
image_height: 1536
camera_name: camera
camera_matrix:
  rows: 3
  cols: 3
  data: [3.7418107131750730e+03, 0., 1.0250568181681417e+03, 0, 3.7435836859628903e+03, 7.8911119710666617e+02, 0., 0., 1]
distortion_model: plumb_bob
distortion_coefficients:
  rows: 1
  cols: 5
  data: [-2.0267659699077051e-01, 2.3020302112176499e-01, 3.5628462488066477e-03, -4.6221093952931980e-04, -2.6533302421811195e-01]
rectification_matrix:
  rows: 3
  cols: 3
  data: [1, 0, 0, 0, 1, 0, 0, 0, 1]
projection_matrix:
  rows: 3
  cols: 4
  data: [3.7418107131750730e+03, 0., 1.0250568181681417e+03, 0, 0, 3.7435836859628903e+03, 7.8911119710666617e+02, 0, 0, 0, 1, 0]

